100005521093390
100005521093390
100008773235500
100008773235500
100000570234432
100000570234432
100005485727204
100005485727204
100006402367881
100006402367881
100002833126868
100002833126868
100009067945094
100009067945094
100009611299777
100009611299777
100006932052904
100006932052904
100004213867677
100004213867677
100007256565477
100007256565477
100002417461998
100002417461998
100003953312460
100003953312460
100007001463483
100007001463483
100008441195602
100008441195602
100017055518107
100017055518107
100004426998956
100004426998956
100003721604401
100003721604401
100004010215563
100004010215563
100008212660806
100008212660806
100000171293386
100000171293386
100006992826538
100006992826538
100004585456730
100004585456730
100014396717254
100014396717254
100011077836196
100011077836196
100008704714183
100008704714183
100003262616738
100003262616738
100008721648044
100008721648044
100011338823440
100011338823440
100007773347514
100007773347514
1706083841
1706083841
100003690522825
100003690522825
100003008092242
100003008092242
100006809658354
100006809658354
100007766292941
100007766292941
100012264695666
100012264695666
100002960956675
100002960956675
100006246361996
100006246361996
100009560356398
100009560356398
100010903865949
100010903865949
100003972833574
100003972833574
100007117426862
100007117426862
100001658354963
100001658354963
100005509364609
100005509364609
100004699323255
100004699323255
100001296888970
100001296888970
100004484280474
100004484280474
100002752288126
100002752288126
100005302324888
100005302324888
100007433081922
100007433081922
100005521093390
100005521093390
100008773235500
100008773235500
100000570234432
100000570234432
100005485727204
100005485727204
100006402367881
100006402367881
100002833126868
100002833126868
100009067945094
100009067945094
100009611299777
100009611299777
100006932052904
100006932052904
100004213867677
100004213867677
100007256565477
100007256565477
100002417461998
100002417461998
100003953312460
100003953312460
100007001463483
100007001463483
100008441195602
100008441195602
100017055518107
100017055518107
100004426998956
100004426998956
100003721604401
100003721604401
100004010215563
100004010215563
100008212660806
100008212660806
100000171293386
100000171293386
100006992826538
100006992826538
100004585456730
100004585456730
100014396717254
100014396717254
100011077836196
100011077836196
100008704714183
100008704714183
100003262616738
100003262616738
100008721648044
100008721648044
100011338823440
100011338823440
100007773347514
100007773347514
1706083841
1706083841
100003690522825
100003690522825
100003008092242
100003008092242
100006809658354
100006809658354
100007766292941
100007766292941
100012264695666
100012264695666
100002960956675
100002960956675
100006246361996
100006246361996
100009560356398
100009560356398
100010903865949
100010903865949
100003972833574
100003972833574
100007117426862
100007117426862
100001658354963
100001658354963
100005509364609
100005509364609
100004699323255
100004699323255
100001296888970
100001296888970
100004484280474
100004484280474
100002752288126
100002752288126
100005302324888
100005302324888
100007433081922
100007433081922
100006737233351
100006737233351
100007113648096
100007113648096
100001238721226
100001238721226
100006207005151
100006207005151
100006484001033
100006484001033
100009865213647
100009865213647
100008328613606
100008328613606
100003618265704
100003618265704
100005459088581
100005459088581
100004943646344
100004943646344
100003160252074
100003160252074
100014489415014
100014489415014
100008335510802
100008335510802
100007962461091
100007962461091
100013403352999
100013403352999
100001032170716
100001032170716
100004022350410
100004022350410
100003981339031
100003981339031
100005412104638
100005412104638
100011362151859
100011362151859
100007338423484
100007338423484
100007266001433
100007266001433
100006459529119
100006459529119
100009146481695
100009146481695
100004924984733
100004924984733
100012134800490
100012134800490
100010217615394
100010217615394
100009908940862
100009908940862
100006530625199
100006530625199
100017252348210
100017252348210
100010746630261
100010746630261
100009452576511
100009452576511
100003997100024
100003997100024
100003291699277
100003291699277
100005284416287
100005284416287
100004193086907
100004193086907
100009451940886
100009451940886
100008214967268
100008214967268
100003453697179
100003453697179
1072934362
1072934362
100003516482108
100003516482108
100010783320431
100010783320431
100004279206726
100004279206726
100006849120440
100006849120440
100007322208150
100007322208150
100003671654353
100003671654353
100006529903323
100006529903323
100008297782621
100008297782621
100006583395089
100006583395089
100004360873602
100004360873602
100002928304044
100002928304044
100001358687739
100001358687739
100006356887666
100006356887666
100000937659082
100000937659082
100009468162847
100009468162847
100006047940522
100006047940522
100003348782724
100003348782724
100010797075765
100010797075765
100007425166690
100007425166690
100003823754864
100003823754864
100004274801216
100004274801216
100000680068699
100000680068699
100005436046101
100005436046101
100009246533313
100009246533313
100008863146506
100008863146506
100006581735956
100006581735956
100004102926037
100004102926037
100006130351212
100006130351212
100004405931492
100004405931492
100004590432683
100004590432683
100009522023369
100009522023369
100000118231661
100000118231661
100010407911354
100010407911354
100008619182514
100008619182514
100005881985827
100005881985827
100013252806701
100013252806701
100012239954425
100012239954425
100014767872247
100014767872247
100000299447805
100000299447805
100003945346644
100003945346644
100004951783796
100004951783796
100007795652163
100007795652163
100006555494859
100006555494859
100010098617686
100010098617686
100005315506268
100005315506268
100003854274017
100003854274017
100002233988313
100002233988313
100002652694109
100002652694109
100007998065959
100007998065959
100013615844371
100013615844371
100003620755586
100003620755586
100010585930259
100010585930259
100009341540601
100009341540601
100013175959412
100013175959412
100005643962649
100005643962649
100009782239170
100009782239170
100013636142896
100013636142896
100007171200443
100007171200443
100007120247399
100007120247399
100006567040867
100006567040867
100004068763801
100004068763801
100012133680702
100012133680702
100001716463605
100001716463605
100003108169532
100003108169532
100001513492370
100001513492370
100012099253917
100012099253917
100008082798580
100008082798580
100009785057196
100009785057196
100014309626391
100014309626391
100004437518264
100004437518264
100005003430731
100005003430731
100004017982878
100004017982878
100003830370903
100003830370903
100003845048779
100003845048779
100000121598043
100000121598043
100004076510661
100004076510661
100006963757322
100006963757322
100002497749692
100002497749692
100002477897172
100002477897172
100004413751420
100004413751420
100000103082052
100000103082052
100017990827802
100017990827802
100012833828495
100012833828495
100011239293424
100011239293424
100004760286399
100004760286399
100005901942514
100005901942514
100013275349664
100013275349664
100005352510997
100005352510997
100006086201751
100006086201751
100016052833722
100016052833722
100010066393452
100010066393452
100004286680223
100004286680223
100008497241726
100008497241726
100016959935882
100016959935882
100021478313481
100021478313481
100013542631930
100013542631930
100008499334162
100008499334162
100004469285446
100004469285446
100004252484464
100004252484464
100009949902496
100009949902496
100004634880774
100004634880774
100005195501127
100005195501127
100008255775448
100008255775448
100002839394731
100002839394731
100005585042306
100005585042306
100003252851442
100003252851442
100004657876856
100004657876856
100008941547355
100008941547355
100014591048933
100014591048933
100007195022112
100007195022112
100006044892092
100006044892092
100003250074957
100003250074957
100011176928423
100011176928423
100001599797587
100001599797587
100000214286455
100000214286455
100005484540862
100005484540862
100000289335740
100000289335740
100005224694006
100005224694006
100010153549173
100010153549173
100014556888777
100014556888777
100001210013333
100001210013333
100001313154976
100001313154976
100010208024648
100010208024648
100009948275224
100009948275224
100004348724198
100004348724198
100006235335465
100006235335465
100003272875263
100003272875263
100003895168793
100003895168793
100006833792848
100006833792848
100015158447124
100015158447124
100010810931761
100010810931761
100006849452443
100006849452443
100004082360206
100004082360206
100005132885393
100005132885393
100009746046327
100009746046327
100001461993299
100001461993299
100004045428404
100004045428404
100010572522637
100010572522637
100009581540079
100009581540079
100012303316626
100012303316626
100005671486348
100005671486348
100004723830356
100004723830356
100003032411898
100003032411898
100003940368999
100003940368999
100015038191345
100015038191345
100018762600862
100018762600862
100004366001024
100004366001024
100018957126307
100018957126307
100007440334160
100007440334160
100005818541315
100005818541315
100001157000206
100001157000206
100016990662376
100016990662376
100004924382602
100004924382602
100000169459095
100000169459095
100002658393057
100002658393057
100003939476267
100003939476267
100004311761857
100004311761857
100014768550717
100014768550717
100002062776572
100002062776572
100001754293305
100001754293305
100001743433062
100001743433062
100015879783632
100015879783632
100004050437004
100004050437004
100014112035094
100014112035094
100002768968126
100002768968126
100004373253174
100004373253174
100006797671594
100006797671594
1567013144
1567013144
100011209053900
100011209053900
100012960347795
100012960347795
100016582358155
100016582358155
100002278307905
100002278307905
